When upper_bound = 1000
a:
[[  0.04797859]
 [  0.11728617]
 [ 41.89676653]
 [  2.42078763]
 [  2.99999996]]
r_bw: 
[[  4.99999991e+02   4.79785880e-02   4.79785880e-02   4.99999991e+02
    4.99999991e+02   4.79785880e-02   4.99999991e+02   4.99999991e+02
    4.99999991e+02   4.99999991e+02   4.99999991e+02   4.99999991e+02
    4.99999991e+02   4.99999991e+02   4.99999991e+02]]
r_proc: 
[[  4.99999991e+02   4.99999991e+02   4.99999991e+02   4.99999991e+02
    4.99999991e+02   4.99999991e+02   4.99999991e+02   4.99999992e+02
    4.99999990e+02   1.95476943e-02   1.95476943e-02   1.95476943e-02
    1.95476943e-02   1.95476943e-02   1.95476943e-02]]
r_stor: 
[[ 499.99998226  499.99999141  499.99999141  499.99999141  499.99999141
   499.99999141  499.99999141  499.99999141  499.99999141    6.98279442
     6.98279442    6.98279442    6.98279442    6.98279442    6.98279442]]
#################################################################
When upper_bound = 10
a: 
[[  0.04783606]
 [  0.10653759]
 [ 42.2536051 ]
 [  1.81059835]
 [  2.99999999]]
r_bw: 
[[  4.99999998e+02   4.78360559e-02   4.78360559e-02   4.99999998e+02
    4.99999998e+02   4.78360559e-02   4.99999998e+02   4.99999998e+02
    4.99999998e+02   4.99999998e+00   4.99999998e+00   4.99999998e+00
    4.99999998e+00   4.99999998e+00   4.99999998e+00]]
r_proc: 
[[ 4.99999998  4.99999998  4.99999998  4.99999998  4.99999998  4.99999998
   4.99999998  4.99999998  4.99999998  0.01775626  0.01775626  0.01775626
   0.01775626  0.01775626  0.01775626]]
r_stor: 
[[ 4.99999998  4.99999998  4.99999998  4.99999998  4.99999998  4.99999998
   4.99999998  4.99999998  4.99999998  7.04226752  7.04226752  7.04226752
   7.04226752  7.04226752  7.04226752]]
